1685110937.6206348	0.8340327739715576
1685110939.4414759	0.8562626838684082
1685110940.8281147	0.8305878639221191
1685110943.6033187	0.8145732879638672
1685110946.2405894	0.8177464008331299
1685110958.9001424	0.8395740985870361
1685110961.6856637	0.819746732711792
1685110964.5260286	0.861004114151001
1685110967.11629	0.8424556255340576
1685110970.6485822	0.8488907814025879
1685110984.4187922	0.8405108451843262
1685110987.0578566	0.8329970836639404
1685110989.5204968	0.8669991493225098
1685110991.8717494	0.8329131603240967
1685110994.443057	0.8452270030975342
1685116542.1111126	0.80690598487854
1685116543.5074356	0.8138461112976074
1685116544.9409876	0.8099031448364258
1685116546.3126423	0.8318061828613281
1685116547.630047	0.7934122085571289
1685116563.7835386	0.8149106502532959
1685116565.1039472	0.8191685676574707
1685116566.4308114	0.8147757053375244
1685116567.7053041	0.8212015628814697
1685116569.0301933	0.7934310436248779
1685116581.8543892	0.801616907119751
1685116583.2176874	0.82633376121521
1685116584.518263	0.7970447540283203
1685116585.8284287	0.8159494400024414
1685116587.1568594	0.8256444931030273
1685116601.6026623	0.7992191314697266
1685116602.9191122	0.8158483505249023
1685116604.232191	0.8085372447967529
1685116605.4242296	0.799962043762207
1685116606.7567236	0.8477294445037842
1685116862.600507	0.8160881996154785
1685116863.9414454	0.794647216796875
1685116865.2796595	0.8288803100585938
1685116872.1963336	0.820026159286499
1685116873.4984283	0.8192243576049805
1685116874.8234978	0.8176350593566895
1685116882.284911	0.8275530338287354
1685116883.5983396	0.7962894439697266
1685116884.9780555	0.845057487487793
1685116902.899743	0.813854455947876
1685116904.2243679	0.7990512847900391
1685116905.5866408	0.8288321495056152
1685116913.4003289	0.8193106651306152
1685116914.8210013	0.7909064292907715
1685116916.19447	0.8237864971160889
1685116924.6018538	0.8078365325927734
1685116925.9981828	0.8039202690124512
1685116927.4303913	0.8277919292449951
1685116934.702923	0.8088655471801758
1685116936.0651488	0.798595666885376
1685116937.5257173	0.8278148174285889
1685116944.9054732	0.8164310455322266
1685116946.2521832	0.8078668117523193
1685116947.687847	0.8452863693237305
1685116954.8396807	0.8168642520904541
1685116956.2517228	0.8128249645233154
1685116957.6322842	0.8238348960876465
1685116964.769613	0.8100824356079102
1685116966.1168885	0.8018109798431396
1685116967.4789426	0.8149449825286865
1685116974.184742	0.8208920955657959
1685116975.4780395	0.7948446273803711
1685116976.7930346	0.8227372169494629
1685117008.77736	0.8220512866973877
1685117009.7674649	0.7874391078948975
1685117011.1826432	0.834313154220581
1685117029.1478417	0.8240776062011719
1685117030.482788	0.819598913192749
1685117031.8270435	0.8257272243499756
1685117038.2685878	0.811241626739502
1685117039.5960855	0.795323371887207
1685117040.9115374	0.8207352161407471
1685117047.277694	0.8146462440490723
1685117048.5503588	0.7843432426452637
1685117049.8944473	0.8319389820098877
1685117056.7439754	0.8358051776885986
1685117057.8568199	0.8004586696624756
1685117059.2336478	0.8306493759155273
1685117065.3533535	0.8187196254730225
1685117066.6957965	0.7985389232635498
1685117068.0217276	0.8219394683837891
1685117074.4075902	0.8211836814880371
1685117075.747726	0.8033900260925293
1685117077.1379948	0.8305039405822754
1685117084.3293118	0.8243415355682373
1685117085.9800203	0.7893617153167725
1685117087.284672	0.8234903812408447
1685117094.0362587	0.8290300369262695
1685117095.395189	0.8061525821685791
1685117096.7206361	0.818150520324707
1685117103.3543777	0.8145842552185059
1685117104.755681	0.7993423938751221
1685117106.0225084	0.8158156871795654
1685117150.6477673	0.7987484931945801
1685117151.9528074	0.793701171875
1685117153.3009648	0.8280930519104004
1685117159.5101905	0.7882306575775146
1685117160.8459868	0.8574836254119873
1685117162.124002	0.8001968860626221
1685117168.2326574	0.8223257064819336
1685117169.5863564	0.8208012580871582
1685117170.9185002	0.8308429718017578
1685117177.4115326	0.8161814212799072
1685117179.0584612	0.7919135093688965
1685117180.309023	0.818840742111206
1685117187.5350065	0.8244009017944336
1685117188.866716	0.8048436641693115
1685117190.1868286	0.8119606971740723
1685117197.2077467	0.8068437576293945
1685117198.6439788	0.7938334941864014
1685117199.9910858	0.8158156871795654
1685117207.5006485	0.8248739242553711
1685117208.8057456	0.7878882884979248
1685117210.1821754	0.8257815837860107
1685117217.1280463	0.8018550872802734
1685117218.521735	0.8043041229248047
1685117219.9273665	0.8303506374359131
1685117226.3755329	0.8267595767974854
1685117227.665234	0.791252613067627
1685117228.9710193	0.8392086029052734
1685117238.3535702	0.8147883415222168
1685117239.6334922	0.7989399433135986
1685117240.9690688	0.8387851715087891
1685117247.9035218	0.8054764270782471
1685117249.1981797	0.788672685623169
1685117250.5157104	0.8189055919647217
1685117257.2770336	0.8257391452789307
1685117258.5414195	0.7898838520050049
1685117259.8680973	0.8248240947723389
1685117266.538181	0.8125143051147461
1685117267.8303583	0.7878913879394531
1685117269.0959961	0.81980299949646
1685117301.7384112	0.793612003326416
1685117303.0427687	0.802809476852417
1685117304.38814	0.8212058544158936
1685117311.3386343	0.7947256565093994
1685117312.948468	0.8313543796539307
1685117314.3151324	0.834754467010498
1685117343.8297467	0.8397867679595947
1685117345.1634445	0.8168058395385742
1685117346.5220222	0.8460438251495361
1685117367.2730072	0.8198318481445312
1685117368.626068	0.8217964172363281
1685117369.9460683	0.8288168907165527
1685117406.61022	0.8152713775634766
1685117407.9003892	0.803056001663208
1685117409.186076	0.8310472965240479
1685117416.5882459	0.8357579708099365
1685117417.8790085	0.798785924911499
1685117419.1336942	0.8030416965484619
1685117430.0861378	0.7898240089416504
1685117431.346703	0.8071861267089844
1685117432.6294236	0.8128290176391602
1685117442.4112906	0.7859287261962891
1685117443.696175	0.8002989292144775
1685117444.9955604	0.8158125877380371
