Normal Auth Connect Testing
1684514107.8995063	0.657681
1684514113.6394126	0.671518
1684514123.620178	0.54969
1684514130.1847367	1.953957
1684514161.4784033	0.987987
1684514168.3862388	0.526652
1684514174.6581447	0.529135
1684514180.8353908	0.566224
1684514186.1940434	0.680783
1684514191.1349344	0.644021
1684514196.8321936	0.532859
1684514202.16327	0.651482
1684514208.0066452	0.53825
1684514214.306858	0.495909
1684514220.3647144	0.623723
1684514243.1424356	0.638712
1684514249.2452424	0.548753
1684514254.8026478	0.632347
1684514260.798523	1.62106
1684514266.8891227	0.642614
1684514271.89046	0.617421
1684514278.081576	1.643839
1684514283.3823228	0.505522
1684514288.9872847	0.573029
1684514294.546262	0.532236
1684514299.9109707	0.581458
1684514304.5921218	0.497182
1684514309.9620466	0.559287
1684514315.7083569	0.526881
1684514321.262579	0.648602
1684514327.113354	0.526408
1684514332.9051154	0.651375
1684514339.6263492	0.980394
1684514344.7552032	0.530716
1684514350.2910428	0.951192
1684514355.5418549	0.529203
1684514361.2373416	0.515321
1684514367.2715526	0.517383
1684514372.8236265	0.51926
1684514378.9925733	0.531094
1684514384.242303	0.533123
1684514389.421097	0.517664
1684514393.9364989	0.513864
1684514398.7653666	0.53102
1684514404.9207861	0.759517
1684514411.91037	0.504829
1684514417.308037	0.52867
1684514423.0630264	0.637458
1684514429.325698	1.070334
1684514434.5043244	0.761523
1684514438.754253	0.526574
1684514444.4180512	1.762713
1684514451.0388577	1.327051
1684514457.1801536	0.846231
1684514462.7701597	0.517293
1684514468.1800702	0.527357
1684514473.8189797	0.557181
1684514479.4069755	0.639517
1684514484.930222	0.666361
1684514489.336655	0.529734
1684514497.988899	0.62108
1684514503.1696978	0.50059
1684514508.3418386	0.627597
1684514514.6337793	0.633939
1684514519.8364377	0.524586
1684514525.9218247	0.627265
1684514529.743645	0.514628
1684514534.2875283	0.970217
1684514539.2649782	0.621483
1684514543.648864	0.559131
1684514548.428748	0.54272
1684514555.6400335	0.847198
1684514560.9955437	0.640525
1684514565.8690374	0.768504
1684514570.7126954	0.632953
1684514576.2018275	1.660122
1684514582.2466116	0.715039
1684514586.9932954	0.669252
1684514591.3679862	0.515763
1684514596.210957	0.512852
1684514602.1097577	0.525086
1684514606.5255034	0.548842
1684514610.3718443	0.546856
1684514615.9599543	0.52874
1684514620.1020508	0.520087
1684514624.7150314	0.647592
1684514628.4393804	0.646883
1684514632.0406039	0.603563
1684514636.2938173	0.635485
1684514640.948285	1.193834
1684514646.4368513	0.988362
1684514651.5371985	1.66467
1684514657.842446	0.964561
1684514666.7779186	0.987406
1684514672.0333893	0.843501
1684514678.6290848	1.760054
1684514683.8834624	0.513816
1684514688.524173	0.6499
1684514692.712876	0.652815
1684514697.5120132	0.644872

Default Connect Testing
1684515155.0551596	0.138547
1684515218.4377441	0.143492
1684515402.3127396	0.153221
1684515405.9016404	0.122543
1684515409.854685	0.181618
1684515413.2451613	0.138343
1684515417.2439368	0.12364
1684515421.1091833	0.130385
1684515425.724649	0.13832
1684515429.5047889	0.138056
1684515434.260244	1.262544
1684515437.879284	0.141941
1684515450.8906739	0.157808
1684515454.6550765	0.140451
1684515457.5680542	0.121769
1684515462.1851594	0.138868
1684515466.2473757	0.136171
1684515469.8005707	0.112515
1684515473.144269	0.140876
1684515476.6484096	0.127786
1684515481.0313368	0.153098
1684515484.3626761	0.116474
1684515488.3992896	0.118065
1684515492.181868	0.139217
1684515496.3303516	0.131553
1684515501.558395	0.136604
1684515504.9794765	0.15442
1684515508.715561	0.185025
1684515512.6381521	0.169236
1684515516.6527903	0.133599
1684515519.8321195	0.157474
1684515526.3436134	0.167907
1684515529.6073782	0.154054
1684515533.4441266	0.140328
1684515540.532754	0.156602
1684515544.693414	0.159111
1684515548.883774	0.138958
1684515552.7303529	0.140003
1684515556.4439414	0.140718
1684515560.86124	0.144346
1684515564.2314613	0.13241
1684515569.5358193	0.134404
1684515572.8603067	0.137215
1684515576.0551555	0.150982
1684515579.7580101	0.149228
1684515583.029284	0.122837
1684515586.5607011	0.154619
1684515590.0099146	0.136828
1684515594.289379	1.248047
1684515599.029105	0.155238
1684515602.5336347	0.146738
1684515610.1022358	0.149145
1684515614.2312036	0.144166
1684515617.8780544	0.156168
1684515621.8761196	0.131165
1684515625.4544208	0.116816
1684515628.6592085	0.121151
1684515632.2613835	0.13677
1684516147.2073166	0.124871
1684516171.1150517	0.111826
1684516178.3312926	0.124497
1684516181.5779378	0.118839
1684516184.9595535	0.124058
1684516191.6025915	1.174814
1684516195.9189515	0.136522
1684516200.1484528	0.112547
1684516204.2088702	0.124296
1684516208.2790902	0.136262
1684516213.2204337	0.137399
1684516216.7409875	0.13654
1684516220.6608598	0.134159
1684516224.185846	0.13823
1684516229.1853757	0.140492
1684516233.3269913	0.141147
1684516237.460904	0.155685
1684516240.7035468	0.151357
1684516246.023372	0.12308
1684516272.1011102	0.132057
1684516277.0666285	0.154731
1684516283.3271277	0.144551
1684516287.342053	0.13319
1684516291.0294852	0.120228
1684516295.1464844	0.129127
1684516298.6764276	0.124024
1684516302.5941832	0.124029
1684516306.1510067	0.138537
1684516309.6102126	0.11711
1684516316.2570243	0.149917
1684516324.2893636	1.152582
1684516327.2745247	0.141349
1684516330.6492782	0.135059
1684516334.488192	0.136218
1684516338.0602617	0.127609
1684516342.009432	0.132412
1684516345.2161179	0.120128
1684516348.3380003	0.137358
1684516351.4363704	0.131947
1684516354.8856707	0.14539
1684516360.560789	0.127888
1684516363.649468	0.142798


Default Subscription (1 topic) (1,5,10,20)
1684517792.2258472	0.0
1684517818.6115048	0.0
1684517846.0682526	0.0
1684517857.5880604	0.0
1684517869.813805	0.0
1684517928.1126812	0.0
1684517940.0811007	0.0
1684517945.9086723	0.012743
1684517954.6084073	0.0
1684517959.078245	0.002323
1684517965.087	0.0
1684517973.3593292	0.00911
1684517984.8508236	0.007587
1684517989.5291398	0.011276
1684517993.985722	0.0
1684517999.3016894	0.0
1684518006.1359212	0.013933
1684518011.4898534	0.012245
1684518016.5379684	0.0
1684518022.005609	0.0
1684518026.9475093	0.0
1684518032.1534688	0.0
1684518036.7799199	0.002174
1684518042.5323339	0.001332
1684518048.4424582	0.002244
1684518053.340059	0.006036
1684518057.3747153	0.005165
1684518062.107775	0.0
1684518067.485109	0.003025
1684518071.6773877	0.011674
1684518076.635435	0.009742
1684518081.6913526	0.000585
1684518086.542783	0.013949
1684518092.7154684	0.007186
1684518097.0272791	0.0
1684518101.654384	0.006536
1684518108.369031	0.0
1684518119.6632097	0.014121
1684518124.6804857	0.0
1684518129.0598857	0.012661
1684518134.153266	0.002866
1684518139.7568004	0.0
1684518144.2030144	0.01432
1684518163.3818352	0.0
1684518167.5659006	0.0
1684518171.3384635	0.0
1684518175.4947503	0.0
1684518181.1625743	0.0
1684518185.0036151	0.01386
1684518189.2046516	0.0

Default Subscription (5 topic) (1,5,10,20)
1684518756.3304107	0.000997
1684518763.0127795	0.001625
1684518767.6171477	0.002951
1684518773.1003785	0.001996
1684518778.9046607	0.00356
1684518785.36208	0.004624
1684518790.3960023	0.004637
1684518794.5883904	0.001993
1684518798.9375508	0.002444
1684518802.6584747	0.004567
1684518807.2184255	0.000998
1684518816.233397	0.001993
1684518821.0106483	0.015465
1684518826.4712198	0.00839
1684518832.0277903	0.000998
1684518836.5513024	0.001994
1684518842.564726	0.007045
1684518848.2362683	0.002322
1684518852.8251584	0.00089
1684518856.9589021	0.000999
1684518860.8659945	0.011076
1684518868.3959992	0.000998
1684518873.1126595	0.001293
1684518877.2313461	0.001993
1684518881.3022103	0.000998
1684518885.338233	0.016703
1684518889.8617156	0.006276
1684518894.6906908	0.010966
1684518899.2291431	0.005502
1684518903.6897273	0.000998
1684518908.6643877	0.008871
1684518915.256032	0.010077
1684518919.9878535	0.003263
1684518931.178288	0.015312
1684518936.9768612	0.006701
1684518942.9620168	0.009555
1684518948.7590244	0.001642
1684518955.044643	0.008937
1684518959.5148408	0.004543
1684518965.3420818	0.000997
1684518971.462195	0.001996
1684518978.5721545	0.001995
1684518986.1610339	0.000992
1684518990.7891412	0.016421
1684518996.737374	0.001997
1684519002.519972	0.000996
1684519007.251437	0.000998
1684519012.7274542	0.001994
1684519017.9164886	0.008421
1684519023.2201915	0.007042

Default Subscription (10 topic) (1,5,10,20)
1684530379.1098511	0.004611
1684530389.3249357	0.011996
1684530395.9330297	0.003207
1684530402.7060564	0.014035
1684530407.9097452	0.006248
1684530412.7565248	0.013482
1684530418.276202	0.003989
1684530424.2829401	0.009956
1684530430.380454	0.016558
1684530435.323686	0.017224
1684530441.5489075	0.00299
1684530448.1938248	0.006416
1684531067.5100856	0.009908
1684531073.2548816	0.002991
1684531083.0356116	0.002993
1684531087.7451246	0.001994
1684531093.5735188	0.001995
1684531102.1599555	0.003246
1684531107.4316807	0.006384
1684531112.233293	0.005811
1684531116.8436127	0.001996
1684531121.1580865	0.008539
1684531125.629326	0.00399
1684531131.5303717	0.003
1684531137.83091	0.006072
1684531143.4342668	0.003992
1684531149.7127738	0.004011
1684531384.2953634	0.000437
1684531390.7865467	0.003991
1684531395.3385794	0.003997
1684531399.8464282	0.003993
1684531404.4722443	0.002996
1684531410.7200437	0.011945
1684531415.003328	0.003993
1684531420.3949156	0.002996
1684531426.0061102	0.002993
1684531430.3832674	0.000735
1684531436.310811	0.018196
1684531441.1323712	0.002991
1684531447.314184	0.002992
1684531491.4580169	0.002991
1684599994.428079	0.011335
1684600008.7292979	0.002991
1684600023.99122	0.004919
1684600049.4471276	0.01351
1684600054.4186902	0.007734
1684600064.2951245	0.01668
1684600069.373159	0.002591
1684600078.7793362	0.005142
1684600083.9090037	0.005998

Default Subscription (20 topic) (1,5,10,20)
1684600132.2654836	0.021299
1684600139.7626698	0.005982
1684600145.4307215	0.010753
1684600150.5329893	0.0123
1684600157.06621	0.009969
1684600183.7816098	0.010977
1684600190.5819623	0.009973
1684600197.448788	0.01552
1684600203.2340796	0.014617
1684600208.9501896	0.005981
1684600215.3106928	0.008478
1684600222.465489	0.009822
1684600239.3210082	0.008917
1684600246.8422103	0.011357
1684600253.274107	0.004987
1684600261.1890378	0.00997
1684600267.1012516	0.009378
1684600274.4967885	0.0
1684600282.1974888	0.0025
1684600290.1564941	0.004987
1684600296.2903638	0.008973
1684600304.1862018	0.008973
1684600310.6535034	0.006979
1684600316.9425287	0.001482
1684600323.6843345	0.008862
1684600329.9783187	0.005984
1684600336.3109367	0.006494
1684600341.3986564	0.010967
1684600348.0095234	0.00997
1684600353.9867797	0.008973
1684600360.2165575	0.008973
1684600366.62945	0.002003
1684600372.9393678	0.009971
1684600379.1648166	0.016011
1684600385.3832011	0.004986
1684600391.747076	0.008621
1684600399.3845985	0.010966
1684600406.604634	0.008973
1684600413.2626178	0.008974
1684600419.6809487	0.00358
1684600426.6773424	0.008972
1684600433.3971596	0.008183
1684600477.7922385	0.007974
1684600484.9472425	0.009394
1684600540.4595623	0.010968
1684600548.5474012	0.007976
1684600554.4750004	0.008971
1684600560.9789405	0.002107
1684600590.5084035	0.007975
1684600597.589445	0.008977

Normal Auth Subscription (1 topic) (1,5,10,20)
1684601018.7165413	0.114281
1684601112.9747076	0.229295
1684601122.9267068	0.230149
1684601131.3097286	0.220743
1684601161.7525525	0.108241
1684601171.0855696	0.104789
1684601182.6721375	0.11779
1684601193.2514443	0.223229
1684601272.7337022	0.224661
1684601282.3769164	0.220982
1684601294.2557216	0.238092
1684601303.7699287	0.219573
1684601333.8152032	0.653549
1684601342.190945	0.236307
1684601352.27901	0.225374
1684601377.3110137	0.11799
1684601386.7888024	0.223012
1684601394.3675559	0.224535
1684601400.5599887	0.120322
1684601411.3960416	0.234428
1684601419.8650968	0.220008
1684601759.6148598	0.216583
1684601765.7586298	0.120599
1684601775.1377788	0.109712
1684601781.4426985	0.2191
1684601828.3201823	0.214808
1684601834.9727452	0.220262
1684601846.9651544	0.230877
1684601853.8358963	0.221889
1684601859.080634	0.217247
1684601864.5571706	0.121703
1684601872.666016	0.219509
1684601880.8412056	0.116773
1684601887.5870829	0.222768
1684601893.7286377	0.235644
1684601901.0467021	0.219599
1684601916.4025085	0.215496
1684601921.6713314	0.219958
1684601927.0592394	0.215568
1684601932.5338032	0.117028
1684601940.106855	0.220435
1684601945.7087128	0.227187
1684601951.4738328	0.231328
1684601957.002329	0.113269
1684601962.585032	0.22175
1684601972.0616696	0.111723
1684602002.6748586	0.109431
1684602008.2976718	0.114805
1684602014.1357925	0.215174
1684602025.6149993	0.22713

Normal Auth Subscription (5 topic) (1,5,10,20)
1684602102.4408216	0.993301
1684602162.9040203	0.909781
1684602170.136052	0.904358
1684602176.5281615	0.927817
1684602202.4752097	0.908609
1684602214.6707726	0.995021
1684602220.6660306	0.906381
1684602226.9966683	1.034474
1684602233.8590207	0.904831
1684602240.9178045	1.094422
1684602247.3975267	0.815923
1684602254.8953516	0.994447
1684602262.9530025	0.907105
1684602269.6713884	0.808195
1684602276.7481313	0.963011
1684602284.6471713	0.903231
1684602291.6738803	0.986179
1684602312.52479	1.360008
1684602319.685065	1.328661
1684602331.5138211	1.036067
1684602338.0482242	1.016352
1684602344.760906	0.890462
1684602351.6611066	0.821876
1684602359.5266707	0.902827
1684602367.8031807	0.913882
1684602376.2592537	1.007166
1684602383.465644	1.006835
1684602393.1471355	1.005887
1684602419.7803352	0.938076
1684602426.2124527	0.987646
1684602432.5527482	1.026815
1684602439.2481503	1.039627
1684602445.2829595	1.002755
1684602451.756086	1.023578
1684602478.998973	0.914723
1684602487.2368548	1.013209
1684602494.5512688	0.971739
1684602502.4468708	0.863685
1684602509.1061757	1.028756
1684602517.001555	1.010099
1684602542.7691782	1.008405
1684602550.1488616	0.911536
1684602557.3171117	0.990431
1684602568.3353639	1.006969
1684602574.4069514	1.01941
1684602580.8081956	0.976981
1684602588.5286856	0.919828
1684602594.9665349	1.104047
1684602600.8988338	0.998518
1684602607.428743	0.889815

Normal Auth Subscription (10 topic) (1,5,10,20)
1684602780.6217458	2.450446
1684602832.2499938	1.924403
1684602842.7363155	2.172112
1684602850.972339	1.805909
1684602860.8586571	2.024153
1684602871.7360208	2.214106
1684602881.5555766	2.162226
1684602889.9295208	1.980644
1684602897.9090667	2.151655
1684602913.6893733	1.935529
1684604075.6933806	1.968761
1684604089.8015199	2.067979
1684604104.1842904	1.981911
1684604113.0437565	1.864629
1684604121.7975512	2.056834
1684604131.0704472	1.956778
1684604139.8139899	1.738677
1684604154.259331	1.860019
1684604163.8148959	1.980327
1684604172.4668567	1.871844
1684604185.4755578	1.733337
1684604194.220608	1.83065
1684604202.176726	1.970881
1684604215.1627133	2.072967
1684604224.1868517	1.855264
1684604236.3717463	2.056825
1684604246.8025675	1.858723
1684604255.0043964	1.969054
1684604264.7769833	1.774127
1684604274.210116	1.936833
1684604310.0285633	1.980868
1684604331.3816793	2.535198
1684604339.268561	1.955432
1684604348.4733503	1.96287
1684604356.9612892	1.864327
1684604366.8808246	1.936865
1684604380.584653	1.855929
1684604391.043018	1.858963
1684604402.9724607	2.418722
1684604411.1655567	1.841842
1684604443.767954	1.85891
1684604451.650553	2.083675
1684604461.079338	2.744667
1684604469.0222523	1.957487
1684604477.9591103	1.848019
1684604487.7291842	2.522005
1684604495.6364417	1.849044
1684604506.3720996	1.970373
1684604512.937647	1.877708
1684604531.9497738	1.862065

Normal Auth Subscription (20 topic) (1,5,10,20)
1684604625.3548	3.823532
1684604775.4359357	4.201859
1684604793.4555147	4.31868
1684604815.222087	6.723119
1684604842.6727536	4.087104
1684604896.8903675	4.313777
1684604923.8956883	4.839819
1684604940.120799	4.648144
1684604964.985212	4.508373
1684604978.2957387	4.46793
1684604989.049568	4.039091
1684605015.4723396	4.519988
1684605033.1114185	4.570488
1684605055.1815386	4.434105
1684605067.0416558	4.399879
1684605082.7658467	4.88216
1684605103.0891993	7.229624
1684605156.7552104	4.200447
1684605172.1774905	5.135401
1684605184.898631	4.320439
1684605206.0467093	3.906034
1684605218.03441	4.002841
1684605231.1259108	4.359575
1684605245.0025501	4.085084
1684605258.8895457	4.222806
1684605273.7450902	5.009417
1684605286.778872	4.28042
1684605298.1725218	3.59031
1684605313.3829236	4.476701
1684605328.0682864	4.865907
1684605348.0478883	4.56083
1684605624.5705569	5.994563
1684605644.8419392	10.433009
1684605659.137307	7.672186
1684605673.9563503	6.253591
1684605709.5381148	4.184141
1684605724.0212667	4.169462
1684605736.9772513	4.690237
1684605767.6674864	4.2402
1684605779.2687116	3.895092
1684605798.902246	4.531538
1684605857.394404	4.643511
1684605873.0235825	4.802623
1684605890.4825997	4.04823
1684605904.502218	4.169194
1684605922.1566143	4.964497
1684605936.9321525	4.536957
1684605950.5017142	4.894923
1684605967.9045296	5.007973
1684605997.9976628	4.65337

Default Unsubscription (1 topic) (1,5,10,20)
1684608137.0390615	0.001992
1684608250.0324178	0.002003
1684608260.8252683	0.001993
1684608270.5141022	0.000877
1684608276.7768183	0.0
1684608285.295786	0.0
1684608293.2825742	0.001993
1684608300.316409	0.002
1684608308.9820914	0.0
1684608315.0249157	0.001994
1684608323.7190907	0.004537
1684608329.282916	0.012178
1684608334.683583	0.0
1684608339.7087965	0.0
1684608354.8925881	0.002029
1684608364.3489404	0.002002
1684608371.3127658	0.0
1684608378.5292583	0.0
1684608385.1449149	0.000678
1684608389.7501848	0.0
1684608415.5652506	0.001989
1684608421.3260105	0.003217
1684608426.5596154	0.0
1684608433.2952626	0.0
1684608441.1628604	0.000996
1684608446.9820554	0.0
1684608452.4946265	0.001374
1684608468.0498827	0.0
1684608473.166263	0.0
1684608481.4396229	0.0
1684608488.094119	0.002001
1684608494.8648343	0.001993
1684608501.491898	0.010673
1684608507.61521	0.002002
1684608513.5545416	0.001993
1684608526.990997	0.0
1684608535.5931628	0.0
1684608542.5606103	0.0
1684608549.3715844	0.001994
1684608556.924616	0.001176
1684608563.202931	0.0
1684608569.992133	0.001999
1684608575.8412106	0.001994
1684608588.6926262	0.0
1684608595.394737	0.000996
1684608602.4078271	0.0
1684608608.442998	0.000702
1684608614.49274	0.0
1684608624.044515	0.002001
1684608629.9625971	0.001998

Default Unsubscription (5 topic) (1,5,10,20)
1684612501.5631764	0.0
1684612517.1783	0.0
1684612545.9289632	0.001992
1684612585.8860276	0.001028
1684612593.6613634	0.015253
1684612600.9880266	0.001993
1684612604.494436	0.011853
1684612607.9068484	0.014771
1684612611.1552846	0.009672
1684612615.715153	0.0
1684612618.6703675	0.0
1684612621.5716577	0.0
1684612624.3238564	0.013268
1684612674.1696587	0.006693
1684612678.0696378	0.0
1684612681.3848128	0.0
1684612684.5420017	0.013578
1684612687.3021169	0.0
1684612698.9736679	0.0
1684612709.2248204	0.001994
1684612713.4962704	0.0
1684612717.5252767	0.002001
1684612721.5867743	0.001993
1684612725.387549	0.001996
1684612729.6722515	0.001994
1684612733.8448987	0.000993
1684612740.441088	0.001992
1684612745.0848858	0.011949
1684612749.4972706	0.015542
1684612753.4603713	0.001347
1684612757.3823802	0.0
1684612761.334316	0.009008
1684612774.7769933	0.002404
1684612781.3714204	0.012991
1684612786.15243	0.002
1684612793.1307235	0.012329
1684612805.9905045	0.002001
1684612811.085711	0.0
1684612818.178622	0.001993
1684612822.7134812	0.001992
1684612827.479962	0.007897
1684612832.6980214	0.001996
1684612839.00042	0.004249
1684612844.7907803	0.000995
1684612851.7247996	0.004323
1684612857.3712287	0.005972
1684612863.3791413	0.002001
1684612868.0541568	0.014308
1684612889.2225888	0.0
1684612893.480447	0.013946

Default Unsubscription (10 topic) (1,5,10,20)
1684612924.8938704	0.0
1684612934.6344519	0.001996
1684612942.6960766	0.001997
1684612953.1307142	0.009501
1684612961.8714778	0.004656
1684612972.7911334	0.001004
1684612984.1221418	0.000995
1684612993.56876	0.001993
1684613004.4931834	0.001993
1684613013.209177	0.001992
1684613022.3718367	0.00608
1684613033.0070617	0.001992
1684613041.8080738	0.000995
1684613081.4156811	0.0
1684613096.633681	0.0
1684613108.631145	0.006655
1684613117.3684013	0.001002
1684613125.817518	0.001004
1684613134.7704368	0.005853
1684613144.1708422	0.006173
1684613152.8372786	0.0
1684613161.1165917	0.000996
1684613171.2342474	0.00227
1684613184.0766668	0.000998
1684613192.9474978	0.015129
1684613199.8231983	0.005683
1684613209.8688054	0.0
1684613219.1697183	0.001993
1684613231.2368789	0.0
1684613236.734344	0.0
1684613242.704266	0.0
1684613247.9241793	0.007547
1684613253.3315375	0.002329
1684613258.658063	0.0
1684613274.3325987	0.0
1684613279.3127325	0.004565
1684613287.819356	0.002
1684613296.4823086	0.001998
1684613304.3796287	0.010017
1684613314.7574756	0.000999
1684613322.950491	0.001002
1684613331.0562375	0.001993
1684613340.4322815	0.0
1684613392.3162713	0.0
1684613477.4341452	0.0
1684613518.6097054	0.0
1684613524.7295911	0.0
1684613540.3483582	0.000998
1684613541.7171335	0.001001
1684613542.8799205	0.0

Default Unsubscription (20 topic) (1,5,10,20)
1684613613.2155457	0.0
1684613615.173685	0.0
1684613617.776319	0.0
1684613619.500391	0.008847
1684613621.334106	0.001998
1684613623.7430098	0.002002
1684613625.773136	0.001993
1684613629.0327373	0.001993
1684613630.8311737	0.003727
1684613632.3737733	0.001996
1684613634.3057275	0.000997
1684613636.035285	0.00104
1684613638.0693867	0.001996
1684613639.877957	0.000643
1684613642.4881692	0.0
1684613643.5456245	0.001022
1684613644.4682822	0.001022
1684613645.6457832	0.000306
1684613646.6130328	0.001001
1684613647.5659301	0.000383
1684613648.7281108	0.000259
1684613649.6435683	0.000995
1684613650.7002873	0.0
1684613651.9306266	0.000551
1684613653.093021	0.000939
1684613654.1583016	0.000995
1684613655.193942	0.000773
1684613656.2130504	0.0
1684613657.1436644	0.000997
1684613733.0890756	0.009085
1684613735.7744994	0.0
1684613737.731552	0.0
1684613742.5689983	0.013119
1684613743.9341745	0.000472
1684613745.5987904	0.0
1684613747.332137	0.0
1684613749.4539917	0.001039
1684613751.598907	0.007093
1684613753.7975478	0.0
1684613755.5139549	0.0
1684613756.9541926	0.00116
1684613758.7764308	0.0
1684613761.3033996	0.0
1684613763.1102712	0.011663
1684613765.0462086	0.0
1684613768.5576577	0.0
1684613770.3113887	0.013236
1684613771.9767053	0.0
1684613788.139115	0.0
1684613789.804404	0.0

Normal Auth Unsubscription (1 topic) (1,5,10,20)
1684614513.9155273	0.115029
1684614613.4545548	0.121068
1684614758.979908	0.113667
1684614828.2920637	0.126452
1684614964.957851	0.111456
1684615064.9748695	0.106238
1684615073.4769926	0.112188
1684615076.9929492	0.122599
1684615079.144217	0.116397
1684615081.5830395	0.109681
1684615091.9108672	0.109757
1684615094.0813637	0.10533
1684615096.211854	0.1128
1684615098.4443839	0.107378
1684615101.2232594	0.11684
1684615103.0824764	0.109049
1684615105.390493	0.121053
1684615107.506533	0.125123
1684615109.6991339	0.105597
1684615112.1537135	0.126683
1684615114.5118856	0.12394
1684615116.6512868	0.118906
1684615118.7576342	0.11154
1684615121.3978083	0.114306
1684615123.724167	0.108667
1684615127.0558472	0.433332
1684615129.5591476	0.103638
1684615131.9911962	0.120559
1684615134.7559714	0.110693
1684615137.5834281	0.216481
1684615140.1535003	0.110224
1684615142.5128498	0.112507
1684615144.6332045	0.113034
1684615146.7197485	0.107133
1684615151.1294923	0.118644
1684615172.9167836	0.112223
1684615175.1924114	0.11576
1684615177.5979593	0.116766
1684615179.8134296	0.117625
1684615182.5606527	0.12351
1684615194.9417684	0.101727
1684615196.8644772	0.106448
1684615199.1163983	0.109676
1684615201.1830277	0.111526
1684615203.6777468	0.109947
1684615205.8520088	0.104721
1684615208.1285012	0.105709
1684615210.5768793	0.131332
1684615212.9592483	0.126227
1684615215.2411366	0.124218

Normal Auth Unsubscription (5 topic) (1,5,10,20)
1684615322.8304756	0.110127
1684615350.5877337	0.109371
1684615373.2804656	0.115163
1684615376.1892104	0.113209
1684615379.474985	0.122373
1684615383.199216	0.124777
1684615392.8319495	0.109976
1684615396.5283866	0.124352
1684615401.8249302	0.111014
1684615404.92297	0.124356
1684615408.1681638	0.117798
1684615411.6357102	0.125124
1684615414.6230402	0.113949
1684615417.6406865	0.130965
1684615421.8962355	0.107097
1684615424.997914	0.120825
1684615427.9130278	0.115789
1684615431.222545	0.110634
1684615434.7549493	0.110912
1684615438.5772307	0.123838
1684615441.8055496	0.124545
1684615444.73546	0.114602
1684615447.4970272	0.117876
1684615450.3441968	0.116392
1684615453.7104244	0.106126
1684615456.945482	0.124708
1684615459.952083	0.122442
1684615463.0701313	0.12076
1684615465.7404668	0.107016
1684615468.4592311	0.109105
1684615495.1532168	0.118793
1684615497.8328912	0.124215
1684615501.3486853	0.112166
1684615504.1004317	0.11878
1684615507.1115124	0.106868
1684615510.3136306	0.106365
1684615513.603282	0.121288
1684615518.3909009	0.12579
1684615521.6889613	0.122406
1684615525.140272	0.112086
1684615528.3107638	0.124737
1684615531.6100307	0.108776
1684615535.9779992	0.122905
1684615539.879923	0.129891
1684615543.3928475	0.12652
1684615593.8165493	0.122494
1684615622.2974687	0.113244
1684615641.9822388	0.119504
1684615645.9123135	0.112088
1684615649.0465052	0.123226

Normal Auth Unsubscription (10 topic) (1,5,10,20)
1684615723.2468421	0.113181
1684615731.3057353	0.122528
1684615738.0750098	0.131301
1684615742.4735754	0.123051
1684615746.5688767	0.120329
1684615751.441115	0.114144
1684615756.3295226	0.130068
1684615760.9492478	0.117056
1684615791.3625705	0.121692
1684615796.9882722	0.121237
1684615803.0162091	0.11011
1684615837.8917506	0.109228
1684615842.4782388	0.250452
1684615847.596323	0.124067
1684615911.525415	0.117832
1684615916.1987534	0.110643
1684615953.2804255	0.118052
1684615971.3943982	0.120942
1684615975.7358718	0.112092
1684615980.3013065	0.123054
1684615984.7845848	0.124376
1684615988.517022	0.113508
1684615992.8757558	0.122259
1684616136.9875956	0.12091
1684616142.147133	0.135361
1684616147.3222694	0.119564
1684616163.7370489	0.110134
1684616167.924918	0.120396
1684616171.8035448	0.12132
1684616175.4323454	0.119698
1684616179.3229332	0.117404
1684616182.9214966	0.116384
1684616187.0459108	0.108772
1684616190.7163036	0.110758
1684616194.7622888	0.122
1684616198.5651228	0.114656
1684616202.7162852	0.119645
1684616206.5253634	0.123171
1684616211.0478835	0.123735
1684616214.5495682	0.123821
1684616220.615911	0.122716
1684616225.3961177	0.124687
1684616240.1550121	0.10996
1684616245.0106776	0.119731
1684616249.1422167	0.118619
1684616255.8467782	0.110721
1684616261.1182444	0.110002
1684616266.980873	0.122853
1684616271.631071	0.333616
1684616275.3832695	0.125579

Normal Auth Unsubscription (20 topic) (1,5,10,20)
1684616350.3631194	0.134794
1684616357.8575099	0.139974
1684616364.3773007	0.122926
1684616370.179919	0.120704
1684616376.6421924	0.132524
1684616382.9989944	0.123795
1684616389.5340466	0.119377
1684616395.617473	0.137227
1684616401.9859781	0.111108
1684616420.4009488	0.143103
1684616430.103962	0.127054
1684616436.7064972	0.121051
1684616442.3049734	0.124637
1684616450.0704074	0.128613
1684616456.3530087	0.125329
1684616462.968992	0.141572
1684616468.9210577	0.138752
1684616475.917883	0.129725
1684616482.7940762	0.138282
1684616489.8210218	0.137939
1684616496.0506978	0.124849
1684616502.3217764	0.126312
1684616509.4959502	0.138635
1684616517.2571695	0.140919
1684616523.943732	0.124583
1684616537.2840767	0.124044
1684616544.7714467	0.125439
1684616551.7298942	0.14204
1684616594.076638	0.125321
1684616601.7361395	0.120102
1684616610.326994	0.130448
1684616619.5296848	0.130497
1684616631.8414226	0.13451
1684616638.3956838	0.118932
1684616833.0685637	0.127809
1684616840.6147387	0.129753
1684616867.4309762	0.12553
1684616880.0270922	0.137939
1684616893.9898489	0.12699
1684616900.9204845	0.127279
1684616926.9735157	0.139548
1684616933.3147984	0.121227
1684616940.736179	0.125016
1684616997.600256	0.140937
1684617005.3834896	0.121056
1684617025.0326736	0.128103
1684617063.4287846	0.123094
1684617070.783847	0.121494
1684617110.4882326	0.127953
1684617131.2632694	0.127032

Default Publish
1684617319.7026694	0.000999
1684617325.2000246	0.000998
1684617326.1599734	0.000998
1684617326.3548512	0.000997
1684617326.610215	0.000509
1684617326.9025042	0.0
1684617327.1950946	0.000998
1684617327.457907	0.000998
1684617327.720064	0.000996
1684617327.975024	0.000998
1684617328.2593424	0.0
1684617328.5225341	0.000998
1684617328.808022	0.000996
1684617329.213561	0.000999
1684617329.6298308	0.0
1684617330.0303314	0.001996
1684617330.4639466	0.0
1684617330.8794007	0.0
1684617331.2901075	0.001994
1684617331.6955066	0.0
1684617332.1119635	0.0
1684617332.625271	0.002224
1684617332.9250321	0.000996
1684617333.1352162	0.000996
1684617333.3524783	0.000998
1684617333.697079	0.011168
1684617334.0771978	0.0
1684617334.6879466	0.005543
1684617335.3175404	0.000997
1684617335.7898958	0.000996
1684617336.3074062	0.000996
1684617336.7576182	0.000997
1684617337.275101	0.0
1684617337.7851388	0.000998
1684617338.3177884	0.000996
1684617338.7828443	0.000998
1684617339.2772603	0.0
1684617339.8027048	0.000997
1684617340.29009	0.0
1684617340.8001263	0.000996
1684617341.3180141	0.000998
1684617341.8728669	0.000942
1684617342.4201565	0.000998
1684617342.9302425	0.000998
1684617343.4251826	0.0
1684617343.8749692	0.0
1684617344.3779948	0.012
1684617344.887233	0.000966
1684617345.480412	0.000998
1684617345.9755116	0.000998

Normal Auth Publish
1684617551.5019488	0.108317
1684617571.4729865	0.1208
1684617573.5175881	0.115998
1684617574.9731805	0.109708
1684617576.2068636	0.108051
1684617577.373569	0.118686
1684617579.1343334	0.116026
1684617581.1993632	0.11952
1684617582.8332193	0.124876
1684617584.3460364	0.109112
1684617585.9536614	0.111512
1684617587.2962472	0.117918
1684617588.7137413	0.119424
1684617590.1410553	0.113891
1684617591.9038064	0.11426
1684617593.6635156	0.111899
1684617595.1558087	0.110919
1684617598.539753	0.112193
1684617603.4789357	0.123281
1684617606.097538	0.124926
1684617607.8967004	0.108908
1684617609.3079512	0.124202
1684617610.928519	0.117546
1684617612.401874	0.122239
1684617614.1773472	0.113612
1684617615.510219	0.117479
1684617617.0753536	0.127927
1684617618.603043	0.120492
1684617620.2708669	0.114872
1684617621.85542	0.125214
1684617624.087207	0.113873
1684617651.3456726	0.112879
1684617653.0344193	0.110726
1684617654.906034	0.107961
1684617663.1634824	0.112948
1684617664.7226465	0.113927
1684617666.8597438	0.115268
1684617668.4053068	0.121856
1684617670.3327167	0.112928
1684617672.0082178	0.116264
1684617673.7669475	0.111877
1684617675.7236724	0.119414
1684617677.31555	0.110133
1684617679.3474472	0.120489
1684617682.3211696	0.106921
1684617685.5808773	0.120903
1684617687.4693556	0.133115
1684617689.2549977	0.120337
1684617690.8958836	0.120211
1684617692.3144343	0.115028

Normal Auth Publish Receive
1684620149.2284496	0.02388
1684620152.107303	0.010077
1684620154.1542394	0.021204
1684620156.6108284	0.021423
1684620158.5903368	0.00778
1684620160.287861	0.018744
1684620161.849657	0.007674
1684620164.217522	0.012985
1684620167.8417864	0.017813
1684620169.751185	0.018509
1684620171.5391474	0.016661
1684620173.620108	0.00853
1684620175.1699615	0.016163
1684620178.368506	0.017392
1684620183.2040138	0.019782
1684620187.6752837	0.01367
1684620190.053062	0.014435
1684620191.8531187	0.011401
1684620193.6048653	0.010033
1684620195.326275	0.015007
1684620199.0618734	0.010474
1684620201.7755675	0.012506
1684620203.6391187	0.015536
1684620205.3627918	0.008684
1684620207.2709782	0.012692
1684620208.9765797	0.005779
1684620212.3698418	0.008977
1684620214.562039	0.014282
1684620216.461673	0.014545
1684620218.9483542	0.017577
1684620220.9303954	0.01771
1684620222.6303306	0.003955
1684620224.4479787	0.012587
1684620227.043854	0.017177
1684620228.852891	0.01397
1684620231.211914	0.009828
1684620233.7940938	0.005435
1684620235.9663947	0.012766
1684620237.9600701	0.011677
1684620239.9470773	0.012971
1684620241.9923162	0.022861
1684620243.7277768	0.014973
1684620245.448387	0.021092
1684620247.4462492	0.0
1684620249.5527275	0.009983
1684620251.6671708	0.004386
1684620253.6051528	0.014314
1684620255.7237866	0.00499
1684620259.3581214	0.00398
1684620261.6266925	0.011441

Default Publish Receive
1684620506.104513	0.01619052887
1684620512.517439	0.015260696411
1684620513.5772462	0.011041879654
1684620514.6565397	0.015403032303
1684620515.5385945	0.011436223984
1684620516.2039025	0.010553359985
1684620517.1201496	0.006984472275
1684620517.7840834	0.002734184265
1684620518.651225	0.009428024292
1684620519.6343694	0.01699090004
1684620521.4229362	0.006097078323
1684620521.975829	0.008713722229
1684620523.0789566	0.013726711273
1684620523.6886764	0.007343769073
1684620524.3313048	0.010468244553
1684620525.371204	0.003985643387
1684620526.142878	0.009343624115
1684620527.6455526	0.017139673233
1684620528.5815296	0.014418125153
1684620530.5285892	0.004208087921
1684620532.2080894	0.011772632599
1684620533.5844116	0.003273487091
1684620534.8175778	0.003755331039
1684620535.905643	0.00363445282
1684620537.2056382	0.002288579941
1684620538.4460185	0.0
1684620540.3598456	0.014641284943
1684620541.6392431	0.016385316849
1684620542.9395733	0.007355213165
1684620544.273902	0.010917901993
1684620545.4601588	0.005240440369
1684620546.725698	0.010998725891
1684620548.017987	0.006123304367
1684620549.2868273	0.002998590469
1684620550.5800605	0.01052236557
1684620551.8617165	0.016005516052
1684620553.1199327	0.007749795914
1684620554.2528245	0.016107559204
1684620555.3507633	0.005485773087
1684620556.443277	0.014781475067
1684620557.6557283	0.008084535599
1684620558.7547712	0.002956867218
1684620559.8689525	0.016758203506
1684620561.0700595	0.014632701874
1684620562.1997154	0.004262447357
1684620563.3061724	0.006368637085
1684620564.4546666	0.008307933807
1684620565.5947678	0.005755186081
1684620566.7292345	0.014476537704
1684620567.9386318	0.01545548439

Default Connect with 5 Clients 
1684622323.3811164	0.178917884827
1684622358.3482637	0.18107676506
1684622378.7055588	0.175476074219
1684622397.6487303	0.186741352081
1684622416.106671	0.19274520874
1684622461.4152822	0.181847333908
1684622474.2544513	0.183149337769
1684622484.9493766	0.190187931061
1684622500.2459776	0.186578512192
1684622846.4029372	0.173606395721
1684622891.2850678	0.193799972534
1684622958.9670029	0.187652826309
1684623024.009169	0.201336622238
1684623052.6283424	2.427455425262
1684623106.801945	0.199867248535
1684623132.6100965	0.187583446503
1684623202.3077512	0.187843799591
1684623216.8804462	0.187722921371
1684623457.7170446	0.186769962311
1684623474.8085063	0.175339460373
1684623484.3204787	0.186124563217
1684623497.7894893	0.186946153641
1684623506.6845322	0.168552398682
1684623516.2174408	0.186064481735
1684623525.1838355	0.158791303635
1684623534.4269288	0.180545568466
1684623542.3446932	0.174632549286
1684623551.0707498	0.171307563782
1684623560.3638	0.212412595749
1684623581.835935	0.192596435547
1684623589.2059135	0.185822486877
1684623596.4314058	0.187019109726
1684623602.990332	0.165418386459
1684623610.7116036	0.184584379196
1684623623.312111	0.189331531525
1684623638.5830445	0.185353755951
1684623647.2003062	0.267359018326
1684623657.022934	0.198626756668
1684623692.8257568	0.192012548447
1684623700.8970459	0.172479867935
1684623720.9912674	0.18315410614
1684623733.6897154	0.219004154205
1684623743.011138	0.169529438019
1684623751.5176218	0.175903081894
1684623760.7103453	0.186356067657
1684623768.4120402	0.203775644302
1684623776.5547009	0.230721950531
1684623784.5107212	0.22286438942
1684623793.8383832	0.189138174057
1684623805.8903022	0.18782043457

Topic Hash Connect - Subscriber GUI
1685106309.5136886	1.089115
1685106360.7106721	1.335112
1685106378.6415057	3.427991
1685106385.0001957	1.183462
1685106409.6948206	2.505872
1685106415.5515177	1.498895
1685106421.2128077	2.576292
1685106428.5409803	2.173093
1685106434.6468155	1.98017
1685106441.0013566	1.198088
1685106448.200096	2.229342
1685106456.205213	1.074462
1685106488.735951	2.057152
1685106506.6287396	2.783363
1685106518.2620502	1.374036
1685106541.5736995	1.875772
1685106568.1927147	1.080415
1685106573.452393	1.605374
1685106579.7694845	2.211258
1685106585.9301324	1.177605
1685106630.4628968	1.328704
1685106668.175509	1.518244
1685106673.0383122	1.030782
1685106698.9467084	1.8857
1685106714.813814	1.084276
1685106719.7517052	1.081789
1685106726.9559343	1.303904
1685106731.6384945	1.568025
1685106756.7940667	1.412512
1685106765.2217195	4.018205
1685106790.2749193	1.010465
1685106794.9792953	1.019027
1685106800.3199894	1.138516
1685106804.9267771	1.186083
1685106810.1719978	1.157622
1685106815.1902533	1.442668
1685106820.810332	1.587366
1685106825.7047274	1.003502
1685106847.6587446	1.090111
1685106854.5710242	1.24348
1685106859.6455128	1.124006
1685106864.4017925	1.06869
1685106874.376447	1.480611
1685106900.4872632	2.044364
1685106913.9861958	1.169036
1685106920.9792886	1.082966
1685106952.3271332	1.17981
1685106971.7778974	1.040908
1685107000.0434637	1.214555
1685107060.353537	1.243903

Topic Hash Subscribe 
1685107614.7522368	0.232812
1685107620.3313117	0.11562
1685107622.014313	0.222562
1685107623.6866374	0.124039
1685107935.6768038	0.111524
1685107937.3198795	0.238582
1685107938.8481402	0.237114
1685107940.4865336	0.219331
1685107942.1230583	0.241558
1685107943.4289846	0.234661
1685107944.8596168	0.233716
1685107946.2030115	0.220495
1685108117.4517179	0.114717
1685108118.9956481	0.239973
1685108120.8734186	0.236114
1685108122.3558776	0.219893
1685108124.015184	0.22825
1685108606.8608763	0.22073
1685108609.1976795	0.126738
1685108611.3891296	0.226313
1685108612.916722	0.216627
1685108657.2131877	0.112561
1685108659.1934195	0.217831
1685108661.1408093	0.230119
1685108662.743642	0.129683
1685108664.4048243	0.216692
1685108716.2102625	0.21799
1685108718.074281	0.230297
1685108719.7666135	0.347152
1685108721.2733939	0.233863
1685108722.7957735	0.232658
1685108749.911734	0.118484
1685108751.3546057	0.111687
1685108753.4260013	0.219459
1685108755.2814553	0.228938
1685108758.0122206	0.236885
1685108801.3249745	0.215392
1685108802.7897074	0.218756
1685108804.9870589	0.134151
1685108806.6406376	0.228359
1685108809.349165	0.229193
1685108838.9270802	0.11452
1685108840.4313257	0.238149
1685108842.1098304	0.235904
1685108843.4570024	0.226855
1685108844.8990505	0.229146
1685108887.9276521	0.228835
1685108889.4585378	0.25186
1685108890.91914	0.220677
1685108892.541958	0.245483

Topic Hash Unsubscribe
1685109150.8589509	0.110337
1685109158.813971	0.017447
1685109160.3119097	0.001996
1685109161.9782624	0.002995
1685109200.3862112	0.002993
1685109201.7649791	0.00299
1685109202.9434793	0.002989
1685109204.4587927	0.001994
1685109236.725505	0.002993
1685109237.6557875	0.00399
1685109238.569498	0.001994
1685109240.1675005	0.002994
1685109271.8172598	0.002995
1685109272.9651208	0.004194
1685109273.8792179	0.002994
1685109274.8908293	0.001994
1685109306.1523015	0.002055
1685109306.955234	0.001994
1685109307.7425387	0.001997
1685109308.7398212	0.002992
1685109341.2378829	0.005016
1685109342.4295373	0.001994
1685109343.4653153	0.001994
1685109344.521957	0.002995
1685109377.748222	0.002439
1685109378.596636	0.00399
1685109379.270221	0.002674
1685109380.3041465	0.001969
1685109411.6342309	0.009494
1685109412.4868221	0.002992
1685109413.5219164	0.00199
1685109414.3254135	0.002146
1685109442.2189915	0.002994
1685109442.8034222	0.008025
1685109444.108177	0.001993
1685109444.7222564	0.001992
1685109525.9265454	0.112495
1685109526.5942597	0.002988
1685109527.1944654	0.016465
1685109528.1779432	0.002991
1685109559.738059	0.00308
1685109560.4283547	0.00293
1685109561.2746525	0.003
1685109562.0397313	0.002992
1685109594.019165	0.006183
1685109594.6501482	0.001991
1685109595.3251922	0.002991
1685109595.9611125	0.002763
1685109624.5381188	0.002991
1685109625.1691723	0.004153
1685109625.738783	0.003629
1685109626.374062	0.002826
deneme
3 client
1684624354.93728	1.360489
1684624408.9973109	0.55854
1684624458.3054917	0.569227
1684624496.1649165	0.568879
1684624580.9198768	0.569007
1684624651.4967208	0.57222
1684624682.0106964	0.601017
1684624700.7397218	0.56557

1684624721.14745	0.678818
1684624729.226154	0.58043
1684624734.9718995	0.579349
1684624739.5454235	0.560184
1684624748.769166	0.598198
1684624753.3822098	0.577122
1684624758.841411	1.031698

1684624765.540215	0.582598
1684624785.6130176	0.582492

10
1684624948.126489	0.574693 
1684625190.064283	0.5757
1684625482.9436765	0.57294

1685597232.287362	0.776278
1685597322.285879	0.892038
1685597492.9250937	0.597532
1685597624.3675878	0.905027
1685597691.1980824	0.9022
1685597791.2775896	0.910449
1685597828.0434332	0.657843
1685597899.4453769	0.857973
1685597912.2639837	0.902942
1685597966.9989045	0.856593
1685598066.226416	0.893491
1685598089.885817	0.793334
1685601052.3633342	3.228821
1685602799.7537332	0.858998
1685602944.2605877	0.588707
1685603043.7700822	0.992031
1685603130.9016368	0.889587
1685604010.9907439	0.83015
1685604195.945471	0.835484
1685604212.1356914	0.929909
1685604282.618707	0.885217
1685609922.9649534	0.545137
1685609951.0352228	0.551862
1685610348.189123	0.552197
1685610473.6396089	0.542503
1685611509.0392272	0.537201
1685611534.1470428	0.54543
1685611558.4809415	0.509242
1685611585.2381382	0.54551
1685611612.1677604	0.534052
1685611845.425355	0.561599
1685611866.902385	0.533402
1685611923.99236	0.530486
1685611998.4493797	0.544632
1685612158.9345334	0.555535
1685612191.4624574	0.541473
1685612202.1529796	0.541539
1685612228.1401296	0.532574
1685612250.5249166	0.541718
1685612267.92707	0.527634
1685612279.7426147	0.511643
1685612291.0301502	0.549649
1685612301.6726575	0.559918
1685612314.2109575	0.537346
1685612327.4971552	0.530841
1685612339.5620003	0.544867
1685612624.307621	0.545949
1685613151.5972538	0.514599
1685613230.5885143	0.523705
1685613315.6969113	0.536866
1685613486.8082232	0.53717
1685613608.2456205	0.514097
1685613643.9415555	0.513919
1685613646.8784974	0.546431
1685613709.4102943	0.542859
1685613735.6028695	0.5513
1685613819.8255901	0.519879
1685613914.321437	0.55096
1685613978.7808042	0.544705
1685614044.6573637	0.540683
1685614065.0202925	0.542466
1685614136.6529286	0.51997
1685614164.165357	0.538396
1685614776.4379632	0.541969
1685614843.0574663	0.553405
1685615185.9065697	0.53294
1685615215.4696188	0.534319
1685615218.5290442	0.53035
1685615491.4389515	0.547856
1685615524.1262484	0.556866
1685615562.1868172	0.537073
1685615582.9214723	0.536303
1685615631.3916671	0.542935
1685615678.168007	0.520717
1685615737.6608415	0.536572
1685615788.8231325	0.545221
1685615846.1351593	0.531729
1685616016.6200361	0.539947
1685616624.6191123	0.530299
1685616694.685287	0.547876
1685616745.5568995	0.526248
1685616764.9098425	0.532178
1685616781.9479759	0.548795
1685616984.2377934	0.534887
1685617087.046357	0.531153
1685617176.0618083	0.539196
1685617257.4120293	0.522676
1685617296.0006497	0.540793
1685617346.1127808	0.544367
1685617371.806383	0.539627
1685617481.9766812	0.537038
1685617497.7704513	0.552323
1685617523.3255637	0.545079
1685618090.3041945	0.569062
1685618097.9268363	0.52874
1685618103.8749125	0.552739
1685618108.9124825	0.527073
1685618115.016588	0.544503
1685618120.681008	0.510422
1685618470.2586803	0.550173
1685618477.6931188	0.532134
1685618503.9930677	0.563309
1685618561.2419555	0.550257
1685618569.915959	0.554077
1685618577.0467987	0.517196
1685618582.928317	0.54999
1685618589.7547863	0.546096
1685618595.9214866	0.564216
1685618601.2334743	0.565407
1685618607.2464132	0.535667
1685618614.0222547	0.543388
1685618622.441364	0.541918
1685618628.3459685	0.549166
1685618634.5545413	0.536323
1685618641.2965941	0.536411
1685618647.3646936	0.555383
1685618653.7267673	0.567329
1685618748.4989126	0.524897
1685618851.4131484	0.531548
1685618934.7346683	0.538997
1685619037.8997796	0.525118
1685619084.8362913	0.533678
1685619102.9305134	0.521164
1685619208.7262878	0.54561
1685619231.4785433	0.553224
1685619286.452729	0.53523
1685619457.4453223	0.549666
1685619534.8659322	0.541769
1685619572.3833163	0.541905
1685619677.6936235	0.542928
1685619703.2925122	0.515438
1685619718.206792	0.534625
1685619733.4533074	0.554207
1685619739.1695788	0.507747
1685619756.8711443	0.572113
1685619772.595577	0.550236
1685619786.1607249	0.547272
1685619815.7389374	0.542929
1685619831.45045	0.535914
1685619845.3740292	0.541826
1685619893.1476834	0.53576
1685619909.962133	0.547668
1685619925.9022608	0.535616
1685619938.781747	0.550137
1685620330.247355	0.491074
1685620396.6459012	0.492946
1685620456.7007236	0.524522
1685620480.2212365	0.548898
1685620497.1235535	0.547273
1685620720.0403652	0.542234
1685620741.4053802	0.547699
1685620758.294744	0.54063
1685620785.3745117	0.54774
1685620826.3829944	0.526884
1685620848.9270916	0.538205
1685620876.174422	0.544874
1685620997.7643435	0.537199
1685621018.4488592	0.558355
1685621033.796243	0.549402
1685621049.074375	0.528579
1685621065.2984974	0.52718
1685621080.0778103	0.529481
1685621094.487498	0.550434
1685621141.1143181	0.547989
1685621160.3722842	0.543051
1685621181.5661037	0.54105
1685621201.1124592	0.551291
1685621222.004952	0.552351
1685621240.5297396	0.550608
1685621261.391596	0.555987
1685621281.0851462	0.530599
1685621319.7605615	0.849022
1685621348.6203372	0.874877
1685621387.4267757	0.899057
1685621429.3873682	0.882557
1685621476.8031862	0.907166
1685621511.8489552	0.8966
1685622075.0606823	0.967395
1685622095.6573515	0.888247
1685622120.89786	0.858941
1685622141.000288	0.854577
1685622161.2307181	0.848433
1685622186.3245993	0.776746
1685622205.866759	0.874438
1685622226.9090216	0.925802
1685622246.362238	0.865764
1685622267.7769485	0.866532
1685622286.049719	0.867978
1685622305.2559617	0.857606
1685622336.4080257	0.587014
1685622358.085704	0.874017
1685622376.477948	0.845373
1685622394.7570853	0.860076
1685622429.4095342	0.854764
1685622448.14775	0.846483
1685622468.0756428	0.86556
1685622486.831039	0.860488
1685622505.0512435	0.883994
1685622524.1819313	0.838828
1685622542.5279987	0.854996
1685622568.2461195	0.75062
1685622594.6573386	0.868321
1685622633.4941933	0.846465
1685622657.3206198	0.812738
1685622746.4416776	0.753083
1685622772.813716	0.965187
1685622796.7142506	0.777034
1685623023.8667758	0.814053
1685623069.7021391	0.810572
1685623114.6111825	0.871133
1685623139.6153762	0.860182
1685624194.0366812	0.540358
1685624219.8049529	0.538986
1685624250.1858869	0.538836
1685624316.3558218	0.530722
1685624347.7977731	0.539799
1685624438.8931847	0.513277
1685624469.8721006	0.56454
1685624508.7819414	0.544241
1685624510.3467946	0.515859
